r(2) - r(1) * 3:
1 -1 3 -4 3 
0 0 -4 8 -8 
2 -2 3 -2 6 
3 -3 4 -2 -1 

r(3) - r(1) * 2:
1 -1 3 -4 3 
0 0 -4 8 -8 
0 0 -3 6 0 
3 -3 4 -2 -1 

r(4) - r(1) * 3:
1 -1 3 -4 3 
0 0 -4 8 -8 
0 0 -3 6 0 
0 0 -5 10 -10 

r(3) - r(2) * 3/4:
1 -1 3 -4 3 
0 0 -4 8 -8 
0 0 0 0 6 
0 0 -5 10 -10 

r(4) - r(2) * 5/4:
1 -1 3 -4 3 
0 0 -4 8 -8 
0 0 0 0 6 
0 0 0 0 0 

r(1) - r(2) * -3/4:
1 -1 0 2 -3 
0 0 -4 8 -8 
0 0 0 0 6 
0 0 0 0 0 

1r(1):
1 -1 0 2 -3 
0 0 -4 8 -8 
0 0 0 0 6 
0 0 0 0 0 

-1/4r(2):
1 -1 0 2 -3 
0 0 1 -2 2 
0 0 0 0 6 
0 0 0 0 0 

